UUID:edeab92c-e50c-4841-aaaa-1d4d58b737f3, User_Id:1, Account_Name:wesam bhd, Account_Number:53549552684951, Iban:BH14 GAJB 5354 9552 6849 51, Transaction_Type:TRANSFER, Transaction_Amount:5.000, Post_Balance:30.00, Transaction_Date:2025-12-08T05:33:58.654789600
UUID:311ecade-514f-42cd-a41e-46ef7ff45dab, User_Id:1, Account_Name:esam iraqi, Account_Number:53546365406622, Iban:BH92 GAJB 5354 6365 4066 22, Transaction_Type:TRANSFER, Transaction_Amount:5.000, Post_Balance:0.00, Transaction_Date:2025-12-08T05:33:58.654789600
UUID:006703b4-a1c6-46fb-a15f-a0343315b630, User_Id:1, Account_Name:esam iraqi, Account_Number:53546365406622, Iban:BH92 GAJB 5354 6365 4066 22, Transaction_Type:DEPOSIT, Transaction_Amount:3000.000, Post_Balance:17241.38, Transaction_Date:2025-12-08T06:11:37.203617600
UUID:314321c0-e860-4364-9929-93b973e760cb, User_Id:1, Account_Name:esam iraqi, Account_Number:53546365406622, Iban:BH92 GAJB 5354 6365 4066 22, Transaction_Type:TRANSFER, Transaction_Amount:20000.000, Post_Balance:20241.38, Transaction_Date:2025-12-08T06:12:49.124268600
UUID:e8317206-86a5-4c96-933c-268a2f7f9014, User_Id:1, Account_Name:wesam bhd, Account_Number:53549552684951, Iban:BH14 GAJB 5354 9552 6849 51, Transaction_Type:TRANSFER, Transaction_Amount:20000.000, Post_Balance:25.00, Transaction_Date:2025-12-08T06:12:49.124268600
UUID:40253195-65a9-4bee-80a2-a5de395b6b86, User_Id:1, Account_Name:esam iraqi, Account_Number:53546365406622, Iban:BH92 GAJB 5354 6365 4066 22, Transaction_Type:WITHDRAW, Transaction_Amount:241.370, Post_Balance:241.38, Transaction_Date:2025-12-08T06:14:45.885593800
